0.14
0.66
0.6
1.6

Ignore radar sensor:
0.15
0.12
0.64
0.53

After fixing the angle in y=z-h(x):
0.1073
0.0954
0.4769
0.4898

Notice at step 273:
sudden increase rmse!


Input 271: radar 4.850741 3.104268 1.755781
5.24379, 3.0403, 1.49618
x_ = -5.21867
0.449513
-2.04484
-4.92194
P_ =   0.00355412 -0.000169584   0.00506371   0.00122429
-0.000169584   0.00537706  -0.00165714    0.0145324
  0.00506371  -0.00165714    0.0361474  0.000282903
  0.00122429    0.0145324  0.000282903    0.0848766
Input 272: laser -5.123096 0.257311
x_ = -5.29036
0.215196
-1.99452
  -4.877
P_ =  0.00350906 -0.00012244  0.00605431  0.00114917
-0.00012244  0.00536741 -0.00121196   0.0145418
 0.00605431 -0.00121196    0.046626 0.000977878
 0.00114917   0.0145418 0.000977878   0.0849762
Input 273: radar 6.005131 3.190031 1.776367
5.39016, -3.13628, 2.02042
x_ = -4.96349
-7.10533
  1.3472
-23.9185